  QUARTER ANNULAR TEST V20051108    ADCIRC V45.07             Quarter Annular Grid - 
          1         63  0.1000000E+001        1     1 FileFmtVersion:    1050624
     4.3192428800E+005           2473
         1     6.4565367111E-001
         2     6.0358375526E-001
         3     5.2790590959E-001
         4     4.5939002518E-001
         5     3.9914177666E-001
         6     3.4661797854E-001
         7     3.0474510070E-001
         8     6.5490336542E-001
         9     6.0444521215E-001
        10     5.3243279378E-001
        11     4.6222717453E-001
        12     4.0073799683E-001
        13     3.4829542809E-001
        14     3.0474510070E-001
        15     6.4565395958E-001
        16     6.0358336493E-001
        17     5.2790559565E-001
        18     4.5938997319E-001
        19     3.9914153582E-001
        20     3.4661763716E-001
        21     3.0474510070E-001
        22     6.5490447982E-001
        23     6.0444442120E-001
        24     5.3243313683E-001
        25     4.6222743462E-001
        26     4.0073777924E-001
        27     3.4829498852E-001
        28     3.0474510070E-001
        29     6.4565615903E-001
        30     6.0358313366E-001
        31     5.2790593096E-001
        32     4.5939075208E-001
        33     3.9914138526E-001
        34     3.4661803120E-001
        35     3.0474510070E-001
        36     6.5490447982E-001
        37     6.0444442120E-001
        38     5.3243313683E-001
        39     4.6222743462E-001
        40     4.0073777924E-001
        41     3.4829498852E-001
        42     3.0474510070E-001
        43     6.4565395958E-001
        44     6.0358336493E-001
        45     5.2790559565E-001
        46     4.5938997319E-001
        47     3.9914153582E-001
        48     3.4661763716E-001
        49     3.0474510070E-001
        50     6.5490336542E-001
        51     6.0444521215E-001
        52     5.3243279378E-001
        53     4.6222717453E-001
        54     4.0073799683E-001
        55     3.4829542809E-001
        56     3.0474510070E-001
        57     6.4565367111E-001
        58     6.0358375526E-001
        59     5.2790590959E-001
        60     4.5939002518E-001
        61     3.9914177666E-001
        62     3.4661797854E-001
        63     3.0474510070E-001
