  QUARTER ANNULAR TEST V20051108    ADCIRC V45.07             Quarter Annular Grid - 
          1         63  0.1000000E+001        1     1 FileFmtVersion:    1050624
     4.3192428800E+005           2473
         1     0.0000000000E+000
         2     2.4614416394E-001
         3     2.9691652173E-001
         4     2.9015857101E-001
         5     2.7307343151E-001
         6     2.4013552500E-001
         7     2.1190235587E-001
         8     1.2173704407E-006
         9     2.4031042927E-001
        10     2.9268204111E-001
        11     2.9245291086E-001
        12     2.7278982508E-001
        13     2.4369873768E-001
        14     2.1609335668E-001
        15     4.1791405112E-006
        16     2.4614517438E-001
        17     2.9691673966E-001
        18     2.9015846785E-001
        19     2.7307306196E-001
        20     2.4013536162E-001
        21     2.1190149003E-001
        22     4.1010099478E-006
        23     2.4031214351E-001
        24     2.9268179265E-001
        25     2.9245268129E-001
        26     2.7279020989E-001
        27     2.4369922866E-001
        28     2.1609347760E-001
        29     3.8163916471E-016
        30     2.4614642178E-001
        31     2.9691682866E-001
        32     2.9015848241E-001
        33     2.7307378455E-001
        34     2.4013593892E-001
        35     2.1190258709E-001
        36     4.1010099477E-006
        37     2.4031214351E-001
        38     2.9268179265E-001
        39     2.9245268129E-001
        40     2.7279020989E-001
        41     2.4369922866E-001
        42     2.1609347760E-001
        43     4.1791405112E-006
        44     2.4614517438E-001
        45     2.9691673966E-001
        46     2.9015846785E-001
        47     2.7307306196E-001
        48     2.4013536162E-001
        49     2.1190149003E-001
        50     1.2173704406E-006
        51     2.4031042927E-001
        52     2.9268204111E-001
        53     2.9245291086E-001
        54     2.7278982508E-001
        55     2.4369873768E-001
        56     2.1609335668E-001
        57     0.0000000000E+000
        58     2.4614416394E-001
        59     2.9691652173E-001
        60     2.9015857101E-001
        61     2.7307343151E-001
        62     2.4013552500E-001
        63     2.1190235587E-001
