           1
     0.1405257000E-03  1.0000000   0.00000000  M2       
          63
           1
   1.36525639E-001    142.7105
           2
   1.65558307E-001    103.5479
           3
   2.20832023E-001     63.4440
           4
   2.72012698E-001     37.9188
           5
   2.93071936E-001     21.5916
           6
   3.10634624E-001      8.3901
           7
   3.04715709E-001      0.0011
           8
   1.42046239E-001    148.0226
           9
   1.60544756E-001    102.5397
          10
   2.27167464E-001     63.7981
          11
   2.66881835E-001     38.5183
          12
   2.94580695E-001     21.8108
          13
   3.07638867E-001      8.9480
          14
   3.04715709E-001      0.0011
          15
   1.36525499E-001    142.7104
          16
   1.65558575E-001    103.5476
          17
   2.20832277E-001     63.4439
          18
   2.72012779E-001     37.9188
          19
   2.93072103E-001     21.5915
          20
   3.10634633E-001      8.3900
          21
   3.04715709E-001      0.0011
          22
   1.42046106E-001    148.0231
          23
   1.60545041E-001    102.5392
          24
   2.27167180E-001     63.7982
          25
   2.66881714E-001     38.5183
          26
   2.94580752E-001     21.8107
          27
   3.07638815E-001      8.9479
          28
   3.04715709E-001      0.0011
          29
   1.36524995E-001    142.7114
          30
   1.65558391E-001    103.5474
          31
   2.20831759E-001     63.4439
          32
   2.72012433E-001     37.9191
          33
   2.93072035E-001     21.5915
          34
   3.10634515E-001      8.3901
          35
   3.04715709E-001      0.0011
          36
   1.42046106E-001    148.0231
          37
   1.60545041E-001    102.5392
          38
   2.27167180E-001     63.7982
          39
   2.66881714E-001     38.5183
          40
   2.94580752E-001     21.8107
          41
   3.07638815E-001      8.9479
          42
   3.04715709E-001      0.0011
          43
   1.36525499E-001    142.7104
          44
   1.65558575E-001    103.5476
          45
   2.20832277E-001     63.4439
          46
   2.72012779E-001     37.9188
          47
   2.93072103E-001     21.5915
          48
   3.10634633E-001      8.3900
          49
   3.04715709E-001      0.0011
          50
   1.42046239E-001    148.0226
          51
   1.60544756E-001    102.5397
          52
   2.27167464E-001     63.7981
          53
   2.66881835E-001     38.5183
          54
   2.94580695E-001     21.8108
          55
   3.07638867E-001      8.9480
          56
   3.04715709E-001      0.0011
          57
   1.36525639E-001    142.7105
          58
   1.65558307E-001    103.5479
          59
   2.20832023E-001     63.4440
          60
   2.72012698E-001     37.9188
          61
   2.93071936E-001     21.5916
          62
   3.10634624E-001      8.3901
          63
   3.04715709E-001      0.0011
