           1
     0.1405257000E-03  1.0000000   0.00000000  M2       
          63
           1
   0.00000000E+000      0.0000   0.00000000E+000      0.0000
           2
   5.04693953E-002    213.4370   0.00000000E+000      0.0000
           3
   8.08032845E-002    189.6214   0.00000000E+000      0.0000
           4
   9.25005961E-002    163.4090   0.00000000E+000      0.0000
           5
   1.03582109E-001    145.1042   0.00000000E+000      0.0000
           6
   1.02373638E-001    130.2899   0.00000000E+000      0.0000
           7
   1.05938481E-001    119.4829   0.00000000E+000      0.0000
           8
   9.30325434E-009     20.4239   4.67708917E-008    200.4239
           9
   5.06188554E-002    215.3699   1.00687502E-002    215.3699
          10
   7.70994611E-002    188.6429   1.53360349E-002    188.6430
          11
   9.20533834E-002    163.7285   1.83104997E-002    163.7286
          12
   1.00387717E-001    145.2267   1.99682717E-002    145.2268
          13
   1.01973286E-001    130.6761   2.02837329E-002    130.6761
          14
   1.06497302E-001    121.5543   2.11835540E-002    121.5544
          15
   6.83506073E-008    247.4128   1.65012241E-007     67.4128
          16
   4.66276939E-002    213.4370   1.93138865E-002    213.4369
          17
   7.46524629E-002    189.6213   3.09221167E-002    189.6212
          18
   8.54592548E-002    163.4090   3.53984601E-002    163.4090
          19
   9.56972532E-002    145.1041   3.96391055E-002    145.1041
          20
   9.45808141E-002    130.2898   3.91768051E-002    130.2898
          21
   9.78739274E-002    119.4828   4.05408269E-002    119.4828
          22
   1.49871084E-007    245.3108   2.24292864E-007     65.3108
          23
   4.29127119E-002    215.3701   2.86734489E-002    215.3699
          24
   6.53616592E-002    188.6429   4.36734458E-002    188.6428
          25
   7.80388709E-002    163.7285   5.21440051E-002    163.7285
          26
   8.51046176E-002    145.2268   5.68652672E-002    145.2267
          27
   8.64487945E-002    130.6761   5.77635548E-002    130.6761
          28
   9.02838343E-002    121.5544   6.03261050E-002    121.5543
          29
   9.45028026E-019    226.4401   9.45028026E-019     46.4401
          30
   3.56873704E-002    213.4371   3.56873704E-002    213.4371
          31
   5.71366380E-002    189.6215   5.71366380E-002    189.6215
          32
   6.54076302E-002    163.4090   6.54076302E-002    163.4090
          33
   7.32438136E-002    145.1042   7.32438136E-002    145.1042
          34
   7.23892137E-002    130.2898   7.23892137E-002    130.2898
          35
   7.49098202E-002    119.4830   7.49098202E-002    119.4830
          36
   2.24292864E-007     65.3108   1.49871084E-007    245.3108
          37
   2.86734489E-002    215.3699   4.29127119E-002    215.3701
          38
   4.36734458E-002    188.6428   6.53616592E-002    188.6429
          39
   5.21440051E-002    163.7285   7.80388709E-002    163.7285
          40
   5.68652672E-002    145.2267   8.51046176E-002    145.2268
          41
   5.77635548E-002    130.6761   8.64487945E-002    130.6761
          42
   6.03261050E-002    121.5543   9.02838343E-002    121.5544
          43
   1.65012241E-007     67.4128   6.83506073E-008    247.4128
          44
   1.93138865E-002    213.4369   4.66276939E-002    213.4370
          45
   3.09221167E-002    189.6212   7.46524629E-002    189.6213
          46
   3.53984601E-002    163.4090   8.54592548E-002    163.4090
          47
   3.96391055E-002    145.1041   9.56972532E-002    145.1041
          48
   3.91768051E-002    130.2898   9.45808141E-002    130.2898
          49
   4.05408269E-002    119.4828   9.78739274E-002    119.4828
          50
   4.67708917E-008    200.4239   9.30325434E-009     20.4239
          51
   1.00687502E-002    215.3699   5.06188554E-002    215.3699
          52
   1.53360349E-002    188.6430   7.70994611E-002    188.6429
          53
   1.83104997E-002    163.7286   9.20533834E-002    163.7285
          54
   1.99682717E-002    145.2268   1.00387717E-001    145.2267
          55
   2.02837329E-002    130.6761   1.01973286E-001    130.6761
          56
   2.11835540E-002    121.5544   1.06497302E-001    121.5543
          57
   0.00000000E+000      0.0000   0.00000000E+000      0.0000
          58
   0.00000000E+000      0.0000   5.04693953E-002    213.4370
          59
   0.00000000E+000      0.0000   8.08032845E-002    189.6214
          60
   0.00000000E+000      0.0000   9.25005961E-002    163.4090
          61
   0.00000000E+000      0.0000   1.03582109E-001    145.1042
          62
   0.00000000E+000      0.0000   1.02373638E-001    130.2899
          63
   0.00000000E+000      0.0000   1.05938481E-001    119.4829
